0.000000 0.000000 -0.016435
0.051444 -0.005085 -0.090293
0.102853 -0.010344 -0.090944
0.157939 -0.015421 -0.090261
0.210213 -0.019996 -0.079373
0.260124 -0.023293 -0.078568
0.312859 -0.028484 -0.082068
0.366714 -0.032178 -0.080691
0.425068 -0.036254 -0.084834
0.476578 -0.039480 -0.081051
0.531548 -0.043171 -0.077895
0.581921 -0.045576 -0.073167
0.638036 -0.050436 -0.079613
0.693863 -0.055613 -0.081609
0.749513 -0.060007 -0.083299
0.802554 -0.063885 -0.079128
0.858271 -0.068788 -0.080778
0.908433 -0.073049 -0.083906
0.966479 -0.078046 -0.086640
1.022017 -0.082526 -0.079649
1.076416 -0.085888 -0.082393
1.128048 -0.089028 -0.082558
1.182234 -0.093829 -0.084583
1.240616 -0.098868 -0.084849
1.290860 -0.101834 -0.084174
1.348180 -0.107355 -0.088084
1.406878 -0.111767 -0.084363
1.456735 -0.116372 -0.093081
1.511406 -0.120610 -0.091714
1.561479 -0.126624 -0.128244
1.585861 -0.135746 -0.310604
1.585910 -0.139924 -0.525770
1.599518 -0.142987 -0.726425
1.595620 -0.135511 -0.947874
1.596261 -0.135055 -1.148763
1.603254 -0.141842 -1.352614
1.595221 -0.135641 -1.557893
1.592740 -0.137766 -1.754881
1.582865 -0.147751 -1.937976
1.571806 -0.145131 -2.128129
1.562684 -0.147167 -2.335341
1.558930 -0.151545 -2.540348
1.554975 -0.150285 -2.739562
1.546112 -0.151857 -2.936402
1.531740 -0.170201 -3.134304
1.531073 -0.173347 3.095994
1.503270 -0.178688 2.889782
1.509327 -0.166575 2.684203
1.535197 -0.139673 2.509283
1.526561 -0.125828 2.321081
1.526363 -0.134721 2.116909
1.527603 -0.130220 1.935775
1.515654 -0.085340 1.755130
1.506514 -0.033696 1.698915
1.506430 0.028726 1.682118
1.501657 0.086628 1.672562
1.499101 0.137663 1.667382
1.492183 0.192831 1.671050
1.486200 0.245364 1.676723
1.480115 0.296046 1.674312
1.481139 0.349082 1.659076
1.480974 0.399746 1.656584
1.474399 0.451083 1.654728
1.472038 0.507614 1.649001
1.467775 0.557573 1.648218
1.464650 0.613607 1.644752
1.462543 0.663790 1.641326
1.459598 0.714524 1.626538
EOP
